d2,3,4,5,6,7,8,9,10,11
0.0,0.0000,0.0000,0.0000,0.0000,0.0000,0.0000,0.0000,0.0000,0.0000
0.05,0.0032,0.0155,0.0588,0.1547,0.2551,0.3226,0.3661,0.4006,0.4315
0.1,0.0061,0.0286,0.1064,0.2732,0.4424,0.5463,0.6077,0.6515,0.6875
0.15,0.0085,0.0399,0.1432,0.3611,0.5739,0.6963,0.7608,0.8024,0.8337
0.2,0.0116,0.0510,0.1755,0.4289,0.6692,0.7972,0.8575,0.8915,0.9151
0.25,0.0127,0.0574,0.1985,0.4796,0.7333,0.8612,0.9146,0.9408,0.9569
0.3,0.0147,0.0641,0.2182,0.5161,0.7769,0.9009,0.9488,0.9690,0.9795
0.35,0.0171,0.0704,0.2310,0.5404,0.8061,0.9269,0.9687,0.9841,0.9908
0.4,0.0183,0.0745,0.2414,0.5584,0.8244,0.9407,0.9791,0.9913,0.9957
0.45,0.0186,0.0772,0.2488,0.5679,0.8334,0.9486,0.9845,0.9948,0.9980
0.5,0.0189,0.0770,0.2527,0.5750,0.8416,0.9543,0.9873,0.9963,0.9988
0.55,0.0204,0.0813,0.2567,0.5780,0.8443,0.9555,0.9881,0.9969,0.9992
0.6,0.0200,0.0815,0.2589,0.5819,0.8458,0.9561,0.9884,0.9971,0.9993
0.65,0.0210,0.0829,0.2601,0.5818,0.8465,0.9572,0.9888,0.9972,0.9993
0.7,0.0208,0.0810,0.2565,0.5815,0.8465,0.9562,0.9885,0.9972,0.9994
0.75,0.0217,0.0846,0.2623,0.5836,0.8487,0.9572,0.9888,0.9973,0.9993
0.8,0.0215,0.0840,0.2606,0.5838,0.8486,0.9573,0.9892,0.9974,0.9994
0.85,0.0216,0.0831,0.2602,0.5847,0.8479,0.9569,0.9891,0.9974,0.9994
0.9,0.0219,0.0836,0.2599,0.5820,0.8451,0.9560,0.9887,0.9971,0.9993
0.95,0.0224,0.0845,0.2604,0.5836,0.8489,0.9576,0.9891,0.9973,0.9992
1.0,0.0219,0.0849,0.2632,0.5853,0.8482,0.9566,0.9889,0.9974,0.9993
