d2shepp,3,4,5,6,7,8,9,10,11
0.0,0.0000,0.0000,0.0000,0.0000,0.0000,0.0000,0.0000,0.0000,0.0000
0.05,0.2750,0.3052,0.3351,0.3264,0.2595,0.2384,0.2474,0.2635,0.2807
0.1,0.4210,0.4733,0.5214,0.5357,0.4328,0.3875,0.3929,0.4092,0.4267
0.15,0.5334,0.6007,0.6484,0.6732,0.5460,0.4803,0.4783,0.4905,0.5042
0.2,0.6410,0.7047,0.7506,0.7685,0.6229,0.5397,0.5298,0.5365,0.5457
0.25,0.7065,0.7733,0.8155,0.8374,0.6736,0.5765,0.5598,0.5616,0.5668
0.3,0.7634,0.8307,0.8746,0.8875,0.7066,0.5988,0.5774,0.5757,0.5781
0.35,0.8709,0.8860,0.9121,0.9186,0.7292,0.6134,0.5875,0.5833,0.5837
0.4,0.8903,0.9274,0.9445,0.9420,0.7433,0.6212,0.5930,0.5872,0.5866
0.45,0.9220,0.9532,0.9670,0.9568,0.7499,0.6253,0.5953,0.5884,0.5871
0.5,0.9256,0.9478,0.9775,0.9655,0.7565,0.6287,0.5972,0.5897,0.5881
0.55,0.9397,0.9703,0.9817,0.9679,0.7582,0.6295,0.5978,0.5902,0.5885
0.6,0.9686,0.9918,0.9930,0.9727,0.7595,0.6298,0.5979,0.5903,0.5885
0.65,1.0193,0.9972,0.9958,0.9730,0.7598,0.6301,0.5977,0.5899,0.5880
0.7,0.9698,0.9822,0.9856,0.9728,0.7596,0.6299,0.5982,0.5906,0.5888
0.75,0.9940,1.0155,0.9993,0.9760,0.7621,0.6308,0.5986,0.5909,0.5891
0.8,0.9985,1.0059,0.9955,0.9760,0.7616,0.6304,0.5983,0.5905,0.5886
0.85,1.0163,1.0047,0.9980,0.9763,0.7607,0.6304,0.5986,0.5908,0.5890
0.9,1.0156,1.0081,0.9956,0.9729,0.7588,0.6301,0.5985,0.5908,0.5891
0.95,1.0278,1.0084,0.9986,0.9769,0.7618,0.6310,0.5988,0.5910,0.5892
1.0,0.9777,0.9962,0.9982,0.9744,0.7605,0.6308,0.5992,0.5916,0.5899
