d2star,3,4,5,6,7,8,9,10,11
0.0,0.0000,0.0000,0.0000,0.0000,0.0000,0.0000,0.0000,0.0000,0.0000
0.05,0.1708,0.1937,0.2285,0.2662,0.3015,0.3375,0.3704,0.4019,0.4320
0.1,0.3032,0.3514,0.4135,0.4703,0.5228,0.5711,0.6147,0.6534,0.6881
0.15,0.4196,0.4963,0.5563,0.6207,0.6785,0.7283,0.7697,0.8048,0.8343
0.2,0.5438,0.6195,0.6807,0.7378,0.7908,0.8335,0.8673,0.8942,0.9158
0.25,0.6196,0.7047,0.7648,0.8230,0.8664,0.9005,0.9252,0.9436,0.9577
0.3,0.6921,0.7778,0.8396,0.8847,0.9175,0.9419,0.9597,0.9718,0.9803
0.35,0.8292,0.8531,0.8903,0.9269,0.9519,0.9690,0.9798,0.9870,0.9915
0.4,0.8638,0.9050,0.9306,0.9586,0.9737,0.9834,0.9902,0.9941,0.9964
0.45,0.9014,0.9403,0.9627,0.9757,0.9845,0.9917,0.9957,0.9976,0.9987
0.5,0.8905,0.9351,0.9751,0.9879,0.9943,0.9977,0.9985,0.9992,0.9995
0.55,0.9282,0.9664,0.9807,0.9904,0.9966,0.9989,0.9993,0.9997,0.9999
0.6,0.9597,0.9877,0.9949,0.9982,0.9990,0.9995,0.9997,0.9999,1.0000
0.65,1.0188,0.9981,1.0005,0.9994,0.9998,1.0006,1.0001,1.0000,1.0000
0.7,0.9639,0.9764,0.9875,0.9962,0.9992,0.9994,0.9997,1.0001,1.0001
0.75,0.9944,1.0173,1.0070,1.0013,1.0022,1.0006,1.0000,1.0001,1.0000
0.8,1.0017,1.0105,1.0015,1.0026,1.0023,1.0007,1.0004,1.0002,1.0001
0.85,1.0151,1.0029,1.0023,1.0021,1.0011,1.0002,1.0003,1.0003,1.0001
0.9,1.0160,1.0122,1.0003,0.9973,0.9977,0.9994,0.9999,0.9999,1.0000
0.95,1.0306,1.0158,1.0052,1.0026,1.0024,1.0009,1.0003,1.0001,1.0000
1.0,0.9778,0.9983,1.0018,1.0009,1.0010,0.9999,1.0002,1.0002,1.0000
